0	2949.13	1.8602096211
1	2813.87	1.9496280923
2	2973.2	1.8451500067
3	2858.79	1.9189937001
4	2914.52	1.8822996583
5	2826.52	1.940902594
6	2962.62	1.8517393388
7	2845.78	1.9277667283
8	2933.94	1.8698405557
9	2600.19	2.109845819
10	2802.81	1.9573214024
11	2800.59	1.9588729518
12	3025.72	1.813122166
13	3003.12	1.8267668292
14	2914.27	1.8824611309
15	2784.79	1.9699869649
16	2624.98	2.0899206851
17	0	0
18	2844.46	1.9286613276
19	2858.52	1.9191749577
20	2875.75	1.9076762584
21	2903.22	1.8896260015
22	2821.28	1.9445074576
23	2893.52	1.8959606293
24	2761.06	1.9869180677
25	2893	1.8963014172
26	2813.34	1.9499953792
27	2869.05	1.9121311933
28	2659.74	2.0626076233
29	2768.52	1.981564157
30	2790.6	1.9658854727
31	2810.99	1.9516255839
32	0	0
33	0	0
34	0	0
35	0	0
36	0	0
37	0	0
38	0	0
39	0	0
40	0	0
41	0	0
42	0	0
43	0	0
44	0	0
45	0	0
46	0	0
47	0	0
48	2768.42	1.9816357345
49	2690	2.0394052045
50	2836.75	1.9339032343
51	2780.64	1.9729270959
52	2758.96	1.9884304231
53	2750.67	1.9944231769
54	2773.18	1.9782343735
55	2755.75	1.9907466207
56	0	0
57	0	0
58	0	0
59	0	0
60	0	0
61	0	0
62	0	0
63	0	0
64	2726.72	2.0119410867
65	2788.56	1.9673236366
66	2870.04	1.9114716171
67	3025.58	1.813206063
68	3020.07	1.8165141868
69	2791.62	1.9651671789
70	2829.47	1.9388790127
71	3001.12	1.8279842192
72	2946.13	1.8621038447
73	2998.3	1.8297034986
74	2854.76	1.9217027001
75	2925.95	1.8749465985
76	2850.29	1.9247164324
77	3130.48	1.7524469091
78	2902.42	1.890146843
79	2974.27	1.8444862101
80	2878.62	1.9057742946
81	2884.63	1.9018036975
82	2907.01	1.8871624109
83	2912.13	1.8838444712
84	2810.03	1.9522923243
85	2888.3	1.8993871828
86	2836.47	1.9340941381
87	2628.42	2.0871854574
88	2843.43	1.9293599631
89	2714.58	2.0209387824
90	2830.53	1.9381529254
91	2860.05	1.9181482841
92	2734.81	2.0059894472
93	2790.17	1.9661884401
94	2829.95	1.9385501511
95	2775.89	1.9763030956
96	2911.97	1.8839479802
97	2833.13	1.9363742574
98	2727.73	2.0111961228
99	2875.91	1.9075701256
100	2826.74	1.9407515371
101	2895.49	1.8946706775
102	2918.09	1.8799968473
103	2819.79	1.9455349512
104	2859.45	1.9185507703
105	2864.9	1.9149010437
106	2681.47	2.0458927379
107	2692.14	2.0377840677
108	2860.49	1.9178532349
109	2537.85	2.1616722817
110	2793.04	1.9641680749
111	2788.06	1.9676764489
112	2702.04	2.0303178339
113	2906.14	1.8877273634
114	2860.67	1.9177325592
115	2715.53	2.020231778
116	2864.49	1.9151751272
117	2943.96	1.8634764059
118	2924.8	1.8756838074
119	2818.8	1.9462182489
120	2858.11	1.9194502661
121	2825.18	1.9418231759
122	2699.9	2.0319271084
123	2826.09	1.9411979095
124	2889.29	1.8987363678
125	3000.6	1.8283010065
126	2958.64	1.854230322
127	2890.97	1.8976329744
128	3041.86	1.8035018048
129	3097.25	1.7712486884
130	3135.76	1.7494961349
131	3109.66	1.7641800068
132	2834.34	1.9355476054
133	3003.4	1.8265965239
134	3124.17	1.75598639
135	2831.51	1.9374821208
136	2875.51	1.9078354796
137	2919.07	1.8793656884
138	2914.03	1.8826161707
139	3321.91	1.6514595519
140	3095.05	1.7725077139
141	3321.1	1.6518623348
142	2975.33	1.8438290879
143	2909.71	1.8854112609

